3.11624398075013
1.20767954408892
1.20507262940192
1.24341521611943
1.25203781052769
1.86868898253137
2.02565022736053
1.94614155614884
2.07732215677332
1.9413136937891
1.97886708349477
2.25915364618612
1.98284225776673
1.96604246498388
1.99717926701332
1.94359564940599
2.37606632426011
2.6019073953241
1.99634376777122
2.71734293028619
2.53922263101893
2.75620437256432
2.60161430037047
2.67145755652878
2.40803085777366
3.27039829746449
2.54065066054668
2.59727369553973
2.58012986472366
2.65096280252528
2.77377139618579
2.60947923390962
2.68978564093621
2.7262892198532
2.72865273786129
2.77446461007455
2.62992798572409
2.78926066416444
2.77519773450727
2.7541882859546
2.75984884992128
3.41097485203249
2.66704895554238
3.28531696920143
3.68262491696645
3.60248220108667
3.64512761474446
3.35180698476693
3.51568366517907
3.4816549960164
3.40394046956363
3.86256613276068
3.60891616991936
2.34719715774146
3.85902124059907
4.36071354002967
9.38377796713062
3.85205112304699
4.04284230396344
3.52846497819796
3.35087888998835
3.23899932197735
3.0238788867369
3.4763114488572
3.77637430024983
3.66504392810227
3.84712073043162
3.82919220452865
3.67685445436355
4.28150586019382
4.19138625255871
4.22693009848724
3.74913737998676
4.13033487000089
3.72474799038368
4.08131658813357
3.9552671426728
2.95286055502257
3.51056512069396
4.92603065482589
4.04434233975973
4.1124215336874
4.06632475770457
4.01214393791436
4.75675228202222
4.90454439491265
4.42921599266406
3.79787767626743
4.32747940402127
3.85954436562181
3.96937943795404
3.92662120760628
4.06942968778983
3.95402627304203
6.41508534035262
13.7168498562122
3.04759581682773
3.51987763185835
4.64818942063036
3.76942194492132
5.32265274159511
3.19799923116529
7.04811303197391
4.6969420257372
4.33201648685138
4.32575381174201
4.55891978452666
3.73180578142053
4.09950699337105
4.49107596279711
4.5119776006338
4.26348026550336
4.75841708767542
4.43196940107245
4.68783427222539
4.56354731417208
4.6226526365665
4.42890213620877
7.098079596771
14.7212551821557
11.8026805066862
6.53541543660749
5.4360288226344
2.54457746106251
6.5446983778505
6.53142880125064
6.80073906655952
6.13701207269688
5.74722412830982
7.37008234810735
5.78728329840248
5.55813574173842
5.57422959258598
6.89134752423067
7.91756009012991
5.19618001159167
6.05543816884806
7.23803382357364
4.5732572364514
8.45085791429991
6.30799544347555
6.78333233646679
5.32293416681095
6.39177603170194
4.52602712169812
5.04391786386727
6.39362062264568
6.16442172632037
6.82655224131784
6.37153781573188
6.16112581629122
6.51855052805353
6.52966836769352
6.45622179191045
4.76357829358105
5.76644182439932
5.76590735298735
8.44728813357909
5.94436482784694
5.63101409276903
5.52122164521241
3.98899193569564
6.12914904410178
5.99719480679356
6.66975907608273
6.52689278130429
6.63110758744939
6.54702584614945
6.54129459067721
5.83430435774207
29.9999962866171
6.54907902071455
6.55794998683572
4.23669160243783
6.86846647781107
6.95272184570581
3.12600444157627
2.11171333880883
3.79201375965362
29.9999999533488
2.08026014099504
5.50163076453648
9.80688658016237
6.04380684519774
7.44293064144283
4.63720058958802
