4.13296351205094
4.76612565424328
8.17141821996825
6.77052101084529
6.26232936019858
7.62465006714652
8.40621892440781
9.20079378655158
49.999984075838
15.007631106667
7.96953676162803
11.2003423493735
8.22561441376824
8.49595913816216
11.108444514754
8.53365864923891
8.89328254788426
8.87859168126117
6.02716077388472
8.72872488683718
8.00637198874341
8.28008624532996
9.53978957146273
8.74377814014063
13.5838749816391
15.5800327486272
18.6075401336403
8.79470215791829
14.9302289641507
15.7102161731857
16.5717003598464
17.7936506595305
15.2988849206074
21.1486758030318
19.915465926498
17.3396661174505
17.9677059195858
8.5211005123355
12.8343720356864
14.9325797039039
10.6511995796148
16.8440782598459
16.1811573983156
12.9756877410999
23.673855783471
9.62922080786892
5.26748159713031
8.76755425542314
15.5796945998079
9.85206389311645
13.1882456809452
10.3209291512879
14.4321809621982
9.61993437218583
7.71778676846534
11.2585800207556
7.69684661379144
8.25672310072887
18.0346633621763
11.0013386272814
10.3326632912346
11.783207553225
7.08010429423879
1.1034646788229
8.18685412381974
14.4105031836409
17.6985724271702
3.0809658060627
10.5748556888806
10.574855108042
3.44688979073557
14.5946264282225
11.2062622363625
48.3456728189535
13.9484015824787
18.091467078125
5.1931808595303
10.5820457041625
10.5359146083236
9.83621483322483
9.56640153109024
9.57522762566306
15.460575574809
13.5697490193479
11.7414058363886
10.6172532458687
11.7730992059799
10.5300823123248
10.1076792464807
10.719987433385
8.02790961103834
7.19056846305379
6.75262754714829
9.46440043233392
10.2213903846204
9.99005923056563
9.36740502546489
7.07609842385473
10.361653265256
13.4124047298346
14.783990592103
9.57568768047341
6.3892648630705
5.5817759459752
11.2340529543284
9.76865358278235
12.513602797309
9.6946220710561
6.35890673991583
12.1994609178707
1.93027110064812
11.0426495707368
11.0426466271347
9.55487259055866
11.7422104611652
9.27926159984292
9.48734025777094
9.48733921467163
10.5403066609846
8.518361212134
9.66063515315677
8.15686854715964
9.45608234779042
12.3579635571502
14.8651745861034
12.6184315998571
11.3051150110715
11.3807450087361
11.0908414984756
11.410472044892
10.410876509194
9.69696514869416
12.0774503778721
13.6500126534062
12.0735211703846
11.5321023550523
13.4387611409542
14.9138141572946
10.6016503936262
22.1584136863344
6.28855147887114
8.98177392411608
18.6437030805213
12.3386299297719
10.5820519330486
9.94437227449288
20.3621650870792
11.7264137598108
3.73032257283614
11.8547901299189
10.3433290251775
12.3680092730848
10.8626114665698
10.3268125454418
11.0606709340245
13.7034105328102
11.1969263056116
10.7789761510591
4.86036005220257
6.61527498173019
6.31024206654258
5.72375296050785
5.68342232012706
26.2006049053968
49.9999997477263
13.9400128593823
13.4478690986516
8.82912595608063
5.44033629848412
6.24719625030569
5.69874506675353
5.29092691215422
30.2759615043889
5.65417808987628
30.2797220772805
30.4252974716452
5.3657203233087
5.85654066609805
5.42778234296563
6.04081617895652
24.5206477785256
24.5206477847978
24.3013621078172
5.88971168828255
17.1665220479592
7.47145749224489
4.49276852961163
2.6758149880926
23.117505570469
4.94695212413671
21.7352331339014
19.9631746612081
7.72565242456881
23.2213846728643
21.463786668796
4.61620680032057
20.2139790120223
3.98935845703012
20.2693259127844
3.32967737283385
3.32341871901552
7.71057472045049
20.9525445723718
18.7123363971749
21.0108381277765
20.4151199782942
20.1807047522003
20.5187555312248
19.9514643738036
20.4572327331895
20.0568774960799
22.1213258856891
9.54448022159372
21.0165918176217
20.0344492388975
21.2238801450814
20.0013264040542
19.5896374773894
20.0063822106567
8.84602796086602
7.79904041859522
8.07484381432195
7.43937258965631
26.0030575908257
0.000572670728576861
0.514751229994822
0.930310614706346
3.20959486027946
2.27737856782536e-06
20.1207820305537
20.0147591491593
