6.73546914790468e-07
4.1960821505716
4.29982381429539
5.29021460423256
5.50995153726908
10.7330317475081
11.8723570700998
9.32018835849069
10.6795915213085
9.7610263948083
10.109176145282
9.87850267599402
10.1383958910561
9.79421408256829
10.5596435521882
9.87060777440193
11.9762368480431
12.8374473711683
5.17711509628191
14.9770257704819
11.9643933722433
13.2365624188684
12.2095854871358
11.823601184225
8.7247484033279
19.4600939952921
10.7413651451837
11.6024236075508
11.8607384384283
12.8217350095597
13.810070047668
12.4194238180289
12.5593025846162
12.8076818700234
12.1783712686695
13.3843471107357
12.237653476792
13.6659862526509
12.7754253837367
12.4634776274636
13.104266138195
19.903832727436
10.5452087856127
16.76575095971
15.9366853564337
16.4872647996526
17.2109810465115
13.8829101205156
14.5610642246337
16.316944518724
13.8826722328465
17.6878921013424
15.8675142933624
0.772561116630284
17.9420725701483
20.0455450875618
49.999982092545
16.2568941466654
17.5677334799242
12.6562707001083
11.4497406901302
10.3970041330197
8.20131605587682
12.3448270981166
13.9707944235642
13.0082354447517
14.2288843353748
14.1632449851391
12.7903487341721
16.6917243500784
16.1394796783648
16.1912668272286
12.8615808482632
15.5106366753218
12.5452568219597
15.1798242212751
12.3688053959689
5.42141347741499
9.2238541787304
17.8525083881593
11.7875168472809
12.1439527671045
11.9787252698982
11.7021002742966
15.4819407829895
16.0176894284116
13.5382211038398
10.1867695926604
12.9229621021856
10.271204398083
10.7828526344233
10.5909428930532
11.8591689380209
10.745250460322
23.0082004650324
49.9999991685457
4.23341063556525
7.99635625568408
13.9561896544088
9.42428244507158
17.3093256038592
5.62179045201837
25.0001999711306
13.4572570091709
11.5268335918112
11.3356349931508
12.2550861127475
7.94411871849802
9.71009114758794
11.4924129537593
11.5507899936408
10.5804202644677
12.8996056773329
11.3717367099621
12.4656093782017
11.5279543482343
11.698467229087
10.8367873800337
21.2274137900214
49.9999954280863
49.9999989561764
18.448571070864
14.276935791519
0.271658164868789
18.3456001371232
18.2353952920966
22.1376935036209
16.4254487065268
14.4851216155761
20.7567711370593
14.990001158301
13.6807949595599
13.9035868707772
18.7360980373255
22.521445257052
12.1962564200775
15.4643275871102
19.4840992799854
9.34067228682986
22.3032619966786
15.6548566490444
17.3992770321526
12.1992527782477
15.7863727631266
8.21940494678798
10.8259488625932
15.9831587348639
15.0968273171834
16.0897462067712
14.656634249729
13.4952298418741
14.680067757082
14.7102050939918
14.4753274821261
7.49124106657647
7.92423943727003
7.3029328228698
19.9795235069331
5.8913286646607
5.3874988814229
5.18142464637405
1.77074729714818
6.45081216022492
6.13795865191392
6.83002389526135
6.56709095941576
6.76659148384004
6.60801479478638
6.59073893481225
5.29337182604391
36.7872156121478
5.18225889219826
5.13826954540143
2.98289508129985
5.5465520853618
5.6233425290822
1.8540818901247e-06
7.22028819758468
1.26341020342372
35.1412704726755
10.1576713531419
4.91670089174515
17.0182243862332
6.35879185409423
7.04126788309328
1.8242341383656
