2.38688936670896
1.16933877690303
8.04546701882359
1.26705771900473
5.28449147936303
9.47055467480255
9.62460444973006
1.39511376178108
5.86859047532575
5.99536886761542
1.4315061859226
7.38222164012103
1.47098109958339
5.8383996061174
9.88422366388031
9.45998180294956
5.78725428415714
7.55153497971006
9.09558951536761
9.52045345726442
11.3263029036628
9.49854452877365
7.46315908046869
12.1747518244954
8.62510655638986
6.68399391151217
1.41392837180252
11.212252410707
6.8707556445384
7.15927997474084
8.27608786115363
8.01175255314703
6.72295814366705
6.99128217222674
6.32660024803978
5.59354361908677
6.93530870651578
6.97439433301313
7.414273192097
0.81778420144424
6.09051920508079
6.09696628998812
1.18860382421713
8.56044594188585
8.65681368259538
9.80039717833371
7.188610780419
8.87546244396645
6.9235812656554
9.2820152712883
12.2467476068689
6.86858850500095
6.9517222528195
3.07544686253598
6.71928491306244
11.615795665613
9.41903322460122
9.59084315320317
6.54210038544932
1.29844625341186
1.4215640701652
7.02973736574946
1.4543830064445
1.33410692371048
9.59168450220923
9.51604184265631
12.9996227835372
1.30051450868261
1.30994149798054
12.9794335346095
12.5143313951602
12.9044271189402
1.43775733171894
9.40053676778722
1.37334396385262
4.99950928340653
8.07190669842325
8.9108855826019
11.9212451334773
9.01068420872935
14.1894229418244
7.39607604789627
8.31195289425217
7.29612446759471
10.5459137649609
13.2894876598731
9.10118832063797
6.8025464432447
8.4824103686878
1.50394696612392
7.03211452809232
1.4767143462216
6.81156923226256
1.50387362972507
14.2063922848242
12.0384840670056
13.1696910977999
13.4613167791307
13.3320076696831
12.4482517476592
12.687400946748
13.2413761174655
15.5080183653402
10.8131053573208
7.44681230840731
9.41391298427974
8.94407962134789
5.69696175175303
11.9832560858345
9.48202267555674
10.110255245083
8.41046547907312
11.1820321095493
9.45841004499777
9.71038873221571
7.92886288597618
8.23294764973417
6.47246047929992
9.24636818376031
9.47325496799028
12.9336034177445
11.848469442165
11.0815434595097
4.18117610354676
11.7418778672543
11.9193359887495
12.2766704360781
16.8191321242786
17.3829890312675
16.5930445134344
11.0183390785189
9.1147766777155
8.87902593927541
13.8421958316119
12.820497862631
9.08642549254075
17.4022629180398
13.614781312202
9.05373925688819
15.2336609297875
12.6407509969971
12.5584565091183
11.8817143765242
15.3162958655878
15.28904700726
15.377425393045
12.4165612051468
12.4716105198652
13.7066330960714
13.847142974847
13.4454156284999
13.37775970561
13.5857826687338
13.3256579145982
1.2357824995288
0.873896739889204
10.5608784638721
1.899648657107
19.3905795710892
10.7988034478528
10.7630454213445
14.4387519919708
12.4403669602491
11.8174096996371
17.8671377737824
15.4911338181683
13.0670871484422
15.5894198608094
16.997293101285
20.5217287804196
13.5979464324268
11.916990984255
29.9868876569611
3.08069315672426
27.9435595126922
22.1809239209553
29.9999226853854
11.0960136801782
2.29689708664132
10.3056900544887
5.53638448013972
29.9841466283944
2.19384116780682
9.18259367353594
12.3670739207536
2.29036362347543
