1.00000153253304
1.00000295376084
1.00000157150616
1.00000143297777
1.00000149285588
1.00000219540968
1.00000155688238
1.00000294493796
1.00001387683611
1.00000149809392
1.00000644089719
1.00000510177946
1.00000150414915
1.00000150863471
1.00000192404416
1.00000186866054
1.00000207407511
1.00000727402069
1.00000259504983
1.00000221452538
1.00000313076408
1.00000146343243
1.00000188593668
1.00000340360266
1.00000151044682
1.00000162561671
1.00000154455069
1.00000151371204
1.00000227856884
1.00000221085518
1.00000157882732
1.00000152161937
1.00000157194703
1.00000164276024
1.0000015534761
1.0000016007794
1.00000237927512
1.00000161116062
1.00000157696883
1.00000188160314
1.0000017048411
1.00000256295292
1.00000241405308
1.00000240271583
1.00000355595234
1.00000153984665
1.0000015573813
1.00000229027729
1.00000162492524
1.0000014853494
1.00000155056499
1.00000233878883
1.00000154868237
1.00000220473683
1.00000151926817
1.0000018245692
1.00000223514208
1.00000148061989
1.00000151232077
1.00000160929034
1.00000164976645
1.00001189166793
1.00000186801862
1.00000136002793
1.00000146816518
1.00000153790405
1.00000183921407
1.00000152896651
1.00000225642267
1.00000228096219
1.0000022771
1.00000159410921
1.00000155247321
1.00000196957327
1.00000161088621
1.00000261822162
1.00000232550955
1.00000163819455
1.00000245192392
1.00000151365936
1.00000150862663
1.00000229755904
1.00000163576232
1.00000163828712
1.00000168693522
1.00000166765526
1.00000172509557
1.00000153514
1.00000147541382
1.00000150280335
1.0000014180345
1.00000150942722
1.00000222116256
1.00000151822935
1.00000152873615
1.00000225959656
1.00000318181586
1.0000015741498
1.00000296509582
1.00000158700392
1.00000163352839
1.00000153588113
1.00000150668526
1.00000237096876
1.00000164550212
1.00000155188056
1.00000212180024
1.00000156025727
1.00000200458561
1.00000156907456
1.00000167252249
1.00000243621505
1.00000236645644
1.00000235401153
1.00000197494886
1.00000234862781
1.0000015581194
1.00000157506453
1.00000230323056
1.00000155611047
1.00000199446882
1.00000157054281
1.00000197659433
1.00000158005899
1.00000191518389
1.00000191363452
1.00000162685763
1.00000159590186
1.0000024070765
1.00000160471996
1.00000188058336
1.00000149691311
1.00000156868755
1.0000015980828
1.00000230439001
1.00000239981571
1.00000155806591
1.00000154990928
1.00000163044214
1.00000193455533
1.00000166215128
1.00000315336641
1.00000189270082
1.00000159564743
1.00000157815495
1.0000016010052
1.00000238291316
1.00000188867783
1.00000160731435
1.00000228108428
1.00000227310546
1.00000153761668
1.00000151818064
1.00000151134426
1.00000153685341
1.00000189436977
1.00000154524675
1.00000230333029
1.00000317368997
1.00000222511489
1.00000228009028
1.00000156611659
1.00000235068912
1.00000301311984
1.00000184598413
1.00000154983955
1.00000183917614
1.00000154809597
1.00000316900473
1.00000201872121
1.00000262466852
1.00000282269198
1.0000024859543
1.00000160411964
1.00000187968815
1.00000417362648
1.00000172256258
1.00000228457466
1.00000171769582
1.00000182482533
1.00000157056504
1.00000182259023
1.00000175605565
1.00000193165115
1.00001151056626
1.00004327576722
1.00000222238785
1.00000239947572
1.00000224108483
1.00000205815325
1.00000172233241
1.0000021825851
1.00000234558789
1.00000145917978
1.00000224684032
1.00000452507027
1.0000853135491
1.00000418100314
1.00000316503123
1.00000457938229
1.0000041535753
1.00000468061006
1.00000224606613
1.00000212845151
1.00000303465845
1.00000261417853
1.00002054430975
1.00000587115191
11.5059389806202
1.00002781472569
1.00003179595405
1.00002006262414
1.98177910899493
1.00011433797391
1.00003454384105
1.00000502309592
1.00000515703015
5.69669544484802
1.00001865529869
19.9828607201174
1.00000397619796
1.00000297641581
1.00000316539332
1.00002263812617
1.00003039818643
1.0000116456275
1.00001218392848
1.0000327232192
19.9997946644938
19.9997609707014
19.9979533860609
