2.42525237421237
2.48083773767979
2.63519915321857
2.74574063983743
2.71431903685299
2.84667506063768
2.99702105061267
3.05023298708694
6.67261503343583
3.49117096255504
2.96517804525653
3.20440000401457
2.99250784049414
3.0121830868779
3.20123838104694
3.0182537808755
3.03862824330061
3.04124139249575
2.87485018936653
3.03213912273751
2.81331609876244
3.03778680219426
3.15188465593171
3.09119795460256
3.75568209362956
4.05911200756619
4.50032582131565
3.47983065872053
4.10537357199496
4.20592297422891
4.37721443725556
4.53031035939324
4.24925229334112
4.97809785253869
4.80810677900557
4.50002789488129
4.55843764897265
3.61672035511066
4.06713553321061
4.34907688268724
3.9026634212523
4.50649325621228
4.4275250414653
4.09847743156328
5.36886380708519
4.01658592944888
3.45871175308939
3.96094824944715
4.77119174146091
4.10894403988133
4.62229376755437
4.22605158981622
4.79221588961321
4.14050301957467
3.86275238531702
4.36094382085504
3.87718702575975
3.96294807349089
5.42072824930162
4.37904138600471
4.27548355427325
4.53217269871608
3.80585139050319
3.12922747614796
3.98971390023813
5.02870374279663
5.6040417143185
3.34069080788127
4.44025031884285
4.44025020491198
3.43329764223698
5.08419095822985
4.53715006394383
11.8152818923259
5.07235782876305
5.85648454468409
3.71435716602181
4.60631476523941
4.6102811014862
4.49020178555677
4.4445864786733
4.46957082666286
5.52588223076904
5.16735146519921
4.84382239791288
4.64671595213752
4.8871421711017
4.75181190291968
4.67441995264765
4.79303964500857
4.32967157744655
4.18641352476247
4.12652677631664
4.62880759273501
4.79100127060758
4.76821046299713
4.75834268517024
4.33026195494137
5.01053751012791
5.64311650306342
6.06090527517772
4.9301849404783
4.28494768220994
4.15937426614599
5.35786353913225
5.03119279501238
5.65219632083794
5.01525946821625
4.32268460800766
5.59023149343179
3.49909161157794
5.33283592375216
5.33283521584
5.00865215707235
5.49239920042137
4.9606141129466
5.05679894472432
5.05679869778557
5.30849192779789
4.9169884907142
5.1754905544961
4.83888615515628
5.13705444336967
5.90344546766899
6.56471820463844
6.09021956011133
5.77732950142479
5.80008649428851
5.75546896177918
5.80904257366733
5.55248164302064
5.40878472406432
6.12634858126537
6.5696787918794
6.12527152831799
6.01070458206821
6.6254523012324
7.06338395553629
5.85200477540457
9.41132493976913
4.80520874925168
5.41954430882808
8.20708299134801
6.31896824760774
5.83192435427125
5.67259902671006
8.75814492660006
6.14677448510906
4.15748319230926
6.28819985889434
5.95977372861421
6.58749797254512
6.13294803397651
5.98336837899417
6.20723649260409
7.0386590490275
6.2572526641318
6.15546540135148
4.55376177238927
5.08941539389903
5.00505062354596
5.05463123551215
5.0561238588297
12.6228163699921
17.8873144155468
7.92619753015684
7.74421552609515
6.0966097655382
5.14398664455611
5.87037231666674
6.02005244759116
6.16765256980744
19.9999998919684
6.23813493603283
19.9999999186882
19.9999999295152
6.32765508505627
6.79444924615523
6.35499398503787
6.82773569868575
19.9999997801549
19.9999997801549
19.9999980816027
7.16716779282139
15.7305828422329
8.56026818334366
6.65684563166355
5.57107978620995
19.9999999622188
6.94850145038788
19.9999970964972
18.3370266392023
9.11056645722299
19.9999999688106
19.9999935168911
6.92612675888934
19.9999999440081
6.50849393757719
19.9999999851956
6.08581244103104
6.08189327254767
9.23373170971726
19.9999998868451
17.7285587749986
19.9999999272429
19.9999999043977
19.9999998935775
19.9999999522034
19.9999998795802
19.9999999529237
19.9999998724048
19.999999946548
11.1538137558355
19.9999999800307
19.9999999677309
19.9999999547581
19.9999999856717
19.9999999790255
19.9999999617139
10.6510449174454
3.79787200175844
5.21366326629997
5.5354224352167
19.9999973625052
2.61503651621462
2.72716399678708
2.97382038299597
3.5641161019986
3.61628178347977
19.9999999816792
19.9999999831772
