1.59499325855913e-06
3.70209347594165
49.9999580362263
6.34889828402484
49.9997527388122
49.9997937787545
49.9998276016738
7.04481518115293
49.9992631244833
49.999846120542
5.41141805611082
49.9999120843862
7.66669744056887
49.9998336627805
49.9997155308607
49.9997741356591
49.9997942371747
49.9996613123999
49.9998940322441
49.999873648527
49.9998425389416
49.9997295128126
28.8833674194899
49.9990054013394
49.9996344341624
49.9939246525934
0.000179008329309685
49.9997413950668
49.9994603810004
49.9995845564795
49.9996745064837
49.9983959141952
49.9967146396675
49.999619954639
49.9995514664573
35.0385388545181
49.9984176022819
49.9998938395782
49.9973053652758
0.000832211780317893
49.9990123407833
49.9994213666479
1.53181179306716
49.9997861145527
49.9989617690401
49.999464130747
49.9995360329036
49.9999497636572
49.9994855252708
49.9997673601935
49.9998693242719
49.999825776981
49.9989401876904
1.94043867784652
49.9998896470578
49.9992785970297
49.9995658660397
49.9997175555367
49.9993003128171
2.01695216307436
3.05392146247443
49.9996775372542
0.000343944252265941
1.6257632844946
49.9995882625528
49.9994703152817
49.999613216952
1.48378348753979
0.0579589752464253
49.9997120114028
49.999627209597
49.9995448544008
0.00289470797155662
49.9998026450172
0.00179031674468405
49.9980441749215
49.999624173063
49.9990217048233
49.9979688848395
49.9994205413988
49.9994900570819
49.9992881371925
49.9998288808697
49.9981366481019
49.9970053341771
49.9977325246442
49.999441494804
49.9990513366148
49.9994774406881
0.40079560872257
49.9994617507961
0.101795656692435
49.9970493268351
1.11168519889276
49.9994267491212
49.9969535286537
49.9978146718443
49.9997803418881
49.9986183135536
49.997299679235
49.9912682106254
49.9995952574835
49.9996771483712
49.9996944194223
49.9997369243501
49.9971829420985
49.9920679515909
21.346886301894
49.9982177278142
49.9996575313891
49.9986914564929
49.999811276989
49.9986833769793
49.9997169280229
49.99950652536
49.9995312182245
49.9991947441687
49.9968196833598
49.9994844164111
49.9996276643776
49.9989725001544
49.9919194778725
49.9993083459549
5.54794175955397
49.9997364498509
49.9997932704847
49.9997716261307
49.9995772139471
49.9994413761128
49.9947179470395
39.1371491721987
49.9996435542899
49.9997056881895
49.9863924575859
49.9958725394233
49.9998463506104
49.9995294659742
49.9994415578573
49.9996274902916
49.9997533311928
49.9981171283161
49.999458538227
49.9995876299847
49.9997325631736
49.9996820547536
49.9993738392828
49.9988339011247
49.9979590417102
49.9889475191062
49.9936113736324
49.9995954302367
49.9995254476532
49.9995484395891
49.9987700105491
0.790956779339946
0.000247821031919287
22.2424898200209
3.53574301131498
33.7663196254976
18.0298795846596
17.9668666335352
24.8005050387693
20.968877100228
20.061072184581
28.8038825810839
24.6638803312499
20.4634121198759
25.0537475453872
27.2072722889053
38.1422664862286
24.3263729148267
14.5911608244299
40.7407363403695
2.84779515563002
37.9026596839464
29.8906907381349
35.5645637569684
49.9996296490361
4.53972407185234e-06
17.3437016867762
49.998586058658
49.5119484176087
8.81647030656521e-06
14.9780751853904
17.2677329653766
4.77225413664683e-06
