49.9999780003598
49.9999605277007
49.9999778589438
49.9999795750889
49.9999785446846
49.9999687434231
49.9999780469856
49.9999605739059
49.9998102512669
49.9999781192626
49.9999229872941
49.9999346130314
49.9999783893067
49.999978323224
49.9999726623188
49.9999730466335
49.9999700448535
49.9999214934508
49.9999610260881
49.9999687720327
49.9999558157497
49.9999790627432
49.9999733060272
49.9999545543659
49.9999782953947
49.9999763888942
49.999978098857
49.9999782704884
49.9999712733178
49.9999674369669
49.9999774099644
49.9999781479392
49.9999776185884
49.9999782192119
49.9999778125827
49.9999768337557
49.9999654553099
49.9999771531757
49.9999772705869
49.9999732532695
49.9999756826506
49.999961912546
49.9999651963863
49.999965458869
49.9999451374273
49.9999781342032
49.9999777625208
49.9999657412634
49.9999766505099
49.9999787800337
49.9999777107321
49.9999659193616
49.9999777389751
49.9999673543463
49.9999781486743
49.999972716886
49.9999664863557
49.9999783573006
49.9999778432885
49.999976871598
49.9999757712524
49.9998288230933
49.9999714971346
49.9999804908075
49.9999790897202
49.9999779012589
49.9999724829112
49.9999776425937
49.9999663584547
49.9999658172778
49.9999663902288
49.9999773313877
49.9999777382953
49.9999720006723
49.9999767833349
49.9999609580866
49.9999661863182
49.9999764951587
49.9999641296103
49.999977928278
49.99997794149
49.9999664269427
49.9999768165997
49.9999767951257
49.9999753688251
49.9999760717324
49.9999748206246
49.9999781922238
49.9999788409097
49.9999779902244
49.9999795507287
49.9999783112207
49.9999667257516
49.9999781847831
49.9999780468698
49.9999663199795
49.999949894097
49.9999773171144
49.9999519532851
49.9999767240671
49.9999765731121
49.9999780736713
49.9999786736215
49.9999645309007
49.9999764299121
49.9999774213307
49.9999701822196
49.9999776122278
49.9999703003373
49.9999774861722
49.9999786289506
49.999964607059
49.9999643785189
49.9999656731857
49.9999725288288
49.9999667660218
49.9999778093922
49.9999773968256
49.9999657096393
49.9999776378533
49.9999721579657
49.999976953792
49.9999716072484
49.9999774914459
49.9999724614381
49.9999724804043
49.9999770650557
49.9999774092666
49.9999655434629
49.9999773454568
49.9999712309787
49.9999784946554
49.9999778132811
49.9999769791406
49.999965904551
49.9999639684157
49.9999777701353
49.999977717292
49.9999761770803
49.999970539002
49.999976733517
49.9999485696286
49.9999717756176
49.9999770707828
49.9999769393061
49.999977439524
49.999965550104
49.999971163801
49.9999769122365
49.9999658533717
49.9999744600713
49.9999778978399
49.9999782271672
49.9999778758684
49.9999778146303
49.9999724894802
49.9999775013903
49.9999656466655
49.9999511996677
49.999966737312
49.9999667678286
49.9999770234448
49.9999649027248
49.9999512056093
49.999972386313
49.999977695017
49.9999724812964
49.9999777338938
49.999950104953
49.9999710323726
49.9999611568891
49.9999597698785
49.99996091017
49.9999764630022
49.9999722387269
49.9999335934575
49.9999752620885
49.9999650831472
49.9999748586402
49.9999738755945
49.9999774766153
49.9999738313519
49.9999740514949
49.9999712858642
49.9998638379105
49.9987961785711
4.24988357517639
49.9999641383681
49.9999670021934
49.999969880821
49.9999742012592
49.9999664486498
49.9999629736367
49.9999790839414
49.9999662000861
49.9999287861866
49.9987815721263
49.9999372218847
49.9999543269526
49.9999379433906
49.9999380483543
49.9999305650413
49.9999675480934
49.9999668555801
49.9999569755864
49.9999612634931
49.9995280041045
49.9999230229937
13.6516299285814
49.9994293037838
49.9990728134329
49.9995811001705
41.6420100071362
49.9984008197915
49.998701805567
49.9999286982743
49.9999339331634
49.999174432672
49.9996753681936
30.6544735088756
49.9999485200688
49.9999586066459
49.9999576328805
49.9995819206213
49.9991546869704
49.9998495064032
49.9998430852992
49.9991632803778
35.3365335821873
33.6981461881135
33.4370539395046
